v 20100214 2
P 0 700 400 700 1 0 0
{
T 0 700 5 10 0 1 0 0 1
pintype=in
T 455 695 5 10 1 1 0 0 1
pinlabel=F
T 305 745 5 10 1 1 0 6 1
pinnumber=2
T 0 700 5 10 0 1 0 0 1
pinseq=1
}
P 0 400 400 400 1 0 0
{
T 0 400 5 10 0 1 0 0 1
pintype=in
T 455 395 5 10 1 1 0 0 1
pinlabel=G
T 305 445 5 10 1 1 0 6 1
pinnumber=4
T 0 400 5 10 0 1 0 0 1
pinseq=2
}
P 0 100 400 100 1 0 0
{
T 0 100 5 10 0 1 0 0 1
pintype=in
T 455 95 5 10 1 1 0 0 1
pinlabel=DOT
T 305 145 5 10 1 1 0 6 1
pinnumber=5
T 0 100 5 10 0 1 0 0 1
pinseq=3
}
P 0 1000 400 1000 1 0 0
{
T 0 1000 5 10 0 1 0 0 1
pintype=in
T 455 995 5 10 1 1 0 0 1
pinlabel=E
T 305 1045 5 10 1 1 0 6 1
pinnumber=1
T 0 1000 5 10 0 1 0 0 1
pinseq=4
}
P 0 1300 400 1300 1 0 0
{
T 0 1300 5 10 0 1 0 0 1
pintype=in
T 455 1295 5 10 1 1 0 0 1
pinlabel=D
T 305 1345 5 10 1 1 0 6 1
pinnumber=6
T 0 1300 5 10 0 1 0 0 1
pinseq=5
}
P 0 1600 400 1600 1 0 0
{
T 0 1600 5 10 0 1 0 0 1
pintype=in
T 455 1595 5 10 1 1 0 0 1
pinlabel=C
T 305 1645 5 10 1 1 0 6 1
pinnumber=7
T 0 1600 5 10 0 1 0 0 1
pinseq=6
}
P 0 1900 400 1900 1 0 0
{
T 0 1900 5 10 0 1 0 0 1
pintype=in
T 455 1895 5 10 1 1 0 0 1
pinlabel=B
T 305 1945 5 10 1 1 0 6 1
pinnumber=9
T 0 1900 5 10 0 1 0 0 1
pinseq=7
}
P 0 2200 400 2200 1 0 0
{
T 0 2200 5 10 0 1 0 0 1
pintype=in
T 455 2195 5 10 1 1 0 0 1
pinlabel=A
T 305 2245 5 10 1 1 0 6 1
pinnumber=10
T 0 2200 5 10 0 1 0 0 1
pinseq=8
}
P 2200 400 1800 400 1 0 0
{
T 2200 400 5 10 0 0 0 0 1
pintype=out
T 1745 395 5 10 1 1 0 6 1
pinlabel=GND
T 1895 445 5 10 1 1 0 0 1
pinnumber=3
T 2200 400 5 10 0 0 0 0 1
pinseq=9
}
P 2200 100 1800 100 1 0 0
{
T 2200 100 5 10 0 0 0 0 1
pintype=out
T 1745 95 5 10 1 1 0 6 1
pinlabel=GND
T 1895 145 5 10 1 1 0 0 1
pinnumber=8
T 2200 100 5 10 0 0 0 0 1
pinseq=10
}
B 400 0 1400 2400 3 0 0 0 -1 -1 0 -1 -1 -1 -1 -1
T 1800 1200 9 10 1 0 90 0 2
CC LED
SEGMENT
T 1000 1700 9 10 1 0 0 0 1
A
T 800 1900 9 10 1 0 0 0 1
B
T 1000 2100 9 10 1 0 0 0 1
C
T 1200 1900 9 10 1 0 0 0 1
D
T 800 1300 9 10 1 0 0 0 1
E
T 1000 1100 9 10 1 0 0 0 1
F
T 1200 1300 9 10 1 0 0 0 1
G
T 1400 700 9 10 1 0 0 0 1
DOT
B 800 2200 500 100 3 0 0 0 -1 -1 0 -1 -1 -1 -1 -1
B 1300 1700 100 500 3 0 0 0 -1 -1 0 -1 -1 -1 -1 -1
B 800 1600 500 100 3 0 0 0 -1 -1 0 -1 -1 -1 -1 -1
B 700 1700 100 500 3 0 0 0 -1 -1 0 -1 -1 -1 -1 -1
B 700 1100 100 500 3 0 0 0 -1 -1 0 -1 -1 -1 -1 -1
B 800 1000 500 100 3 0 0 0 -1 -1 0 -1 -1 -1 -1 -1
B 1300 1100 100 500 3 0 0 0 -1 -1 0 -1 -1 -1 -1 -1
B 1500 900 100 100 3 0 0 0 -1 -1 0 -1 -1 -1 -1 -1
T 1500 2500 8 10 1 1 0 0 1
refdes=LS?
T -5 0 8 10 0 1 0 0 1
footprint=LEDSEGMENT
T 600 100 9 10 0 0 0 0 1
numslots=0
T 600 100 9 10 0 0 0 0 1
device=none
